pm (mean of MCMC samples):
[-0.5145 -1.5428 -3.3811 -1.5581  0.6266  2.0611  4.9955 -0.7466 -5.228
 -5.7029 -1.3438  0.4851  0.1984  1.4117  0.0286]

pv (variance of MCMC samples):
[29.7303 52.9518 48.8401 55.1606 14.8861 17.8956 34.8945 23.5381 12.3584
 16.211  27.0426 15.2773 27.4467 53.7393 13.8499]

ps (std dev of MCMC samples):
[5.4525 7.2768 6.9886 7.427  3.8582 4.2303 5.9072 4.8516 3.5154 4.0263
 5.2002 3.9086 5.239  7.3307 3.7215]

qm (mean of true samples):
[ 0.388  -3.1035 -3.9884  0.0046 -0.1009  2.1688  5.2726  0.4203 -5.7707
 -5.9677 -2.5253  1.044  -0.5411  1.7408  0.3872]

qv (variance of true samples):
[29.1707 53.4018 48.3689 67.4092 16.1525 15.9292 33.042  27.1195 14.5101
 16.2002 29.8148 13.8848 25.816  50.2906 14.1796]

qs (std dev of true samples):
[5.401  7.3077 6.9548 8.2103 4.019  3.9911 5.7482 5.2076 3.8092 4.0249
 5.4603 3.7262 5.0809 7.0916 3.7656]
