pm (mean of MCMC samples):
[-1.7118  0.5287 -5.6272 -1.1354  2.694  -0.0834  4.5659  2.6902 -3.9294
 -0.4841  0.0843  0.5452 -2.4248  2.6788  3.5642]

pv (variance of MCMC samples):
[23.565  77.9638 25.4337 40.8226 28.6733 16.9123 38.6858 22.1219 15.967
 45.279  37.5366 14.0885 24.2063 32.3743 17.3032]

ps (std dev of MCMC samples):
[4.8544 8.8297 5.0432 6.3893 5.3547 4.1125 6.2198 4.7034 3.9959 6.729
 6.1267 3.7535 4.92   5.6898 4.1597]

qm (mean of true samples):
[-1.6275 -1.7126 -5.1698 -1.5585  1.847  -0.4129  2.939   2.2748 -3.3504
 -1.8691 -0.9464  1.1133 -1.5736  1.2949  3.132 ]

qv (variance of true samples):
[23.7491 67.6978 30.6277 44.4411 23.8767 26.2185 51.4768 20.3308 18.9274
 39.3059 31.9026 14.7815 22.313  36.3905 18.8915]

qs (std dev of true samples):
[4.8733 8.2279 5.5342 6.6664 4.8864 5.1204 7.1747 4.509  4.3506 6.2694
 5.6482 3.8447 4.7237 6.0325 4.3464]
