pm (mean of MCMC samples):
[ 4.6837 -9.7659 -8.6496  9.62   -3.1563  1.7806  8.0342  5.9334 -9.1735
 -6.8148 -8.0474  2.6405 -3.9564  5.2588  1.9857]

pv (variance of MCMC samples):
[3.4686 2.5191 5.7368 3.8807 6.2005 5.9303 5.8271 4.6332 4.8104 5.3574
 4.2177 4.8496 6.0981 6.0326 3.1665]

ps (std dev of MCMC samples):
[1.8624 1.5872 2.3952 1.97   2.4901 2.4352 2.4139 2.1525 2.1933 2.3146
 2.0537 2.2022 2.4694 2.4561 1.7795]

qm (mean of true samples):
[ 4.6759 -9.8625 -8.6159  9.5967 -3.1261  1.6534  7.9386  5.8372 -9.1206
 -6.8446 -8.1072  2.563  -3.9493  5.3143  1.9911]

qv (variance of true samples):
[3.561  2.5559 6.0355 3.9546 6.5644 5.9017 6.0093 4.6663 4.8321 5.2297
 4.3514 5.0237 6.3335 6.0393 3.2277]

qs (std dev of true samples):
[1.8871 1.5987 2.4567 1.9886 2.5621 2.4293 2.4514 2.1602 2.1982 2.2868
 2.086  2.2414 2.5167 2.4575 1.7966]
