pm (mean of MCMC samples):
[-0.762  -4.6118 -4.5374 -2.1228 -0.6259  0.1908 -0.3066  2.4418 -1.9852
 -2.7618 -2.8261  1.9216 -0.9721 -0.9191  2.7494]

pv (variance of MCMC samples):
[23.0902 38.2316 37.7592 37.8373 18.9853 38.0602 48.1404 18.538  28.0634
 32.8827 20.9456 14.7436 17.0567 34.7506 14.74  ]

ps (std dev of MCMC samples):
[4.8052 6.1832 6.1448 6.1512 4.3572 6.1693 6.9383 4.3056 5.2975 5.7343
 4.5766 3.8397 4.13   5.895  3.8393]

qm (mean of true samples):
[-1.1196 -2.2301 -5.5468 -0.8999  0.3237  0.6666  1.9607  3.0177 -1.7539
 -0.9329 -1.5951  0.4977 -0.708   0.6029  2.8566]

qv (variance of true samples):
[22.7057 61.4857 27.6877 40.3392 35.7624 29.8427 52.5463 21.5935 31.934
 38.6025 31.4696 15.6306 24.0007 35.2841 16.6315]

qs (std dev of true samples):
[4.7651 7.8413 5.2619 6.3513 5.9802 5.4628 7.2489 4.6469 5.651  6.2131
 5.6098 3.9536 4.899  5.94   4.0782]
